time	line	meanprop_ATAC	meanprop_k27	meanprop_k4	meanprop_RNA	padj_ATAC	padj_k27	padj_k4	padj_RNA
24h	vgn307	0.469414346454533	0.486751560059213	0.488730979041057	0.47718253968254	0.691147666973005	1	1	0.765930032014715
24h	vgn712	0.515826278984174	0.520314438000737	0.48145411556081	0.564112903225806	0.894631696108039	0.987946068929215	1	0.580067411914358
24h	vgn057	0.490668614086336	0.434865758562827	0.879166666666667	0.484969053934571	0.908247469200257	0.836597314144406	5.18758668126864e-05	0.908549319333542
24h	vgn307	0.499546582665139	0.48877394018059	0.444906231094979	0.478276365083049	0.982479181512456	1	0.929016287718379	0.669556735349571
24h	vgn307	0.494367310817085	0.507891560476832	0.548223254408821	0.493275862068966	1	1	0.966692576077006	0.950369763813125
24h	vgn028	0.515092995235561	0.520487249789438	0.49656250972581	0.930212915042111	0.843220233558295	0.985613401015897	1	0
24h	vgn307	0.438492063492063	0.483132669057702	0.376415094339623	0.508361204013378	0.560421324124237	0.996504181434832	0.306076230641861	0.963408065761185
24h	vgn057	0.430650128595065	0.507602862254025	0.304905034113959	0.438594164456233	0.0491746966105474	1	0.0368409082942251	0.0967275744096133
24h	vgn399	0.486906803887936	0.49333479020979	0.582283407111933	0.541666666666667	0.887219843489563	1	0.888389425027498	0.831109829193781
24h	vgn712	0.550326856493204	0.54528885210658	0.471217591073187	0.574806748912763	0.915282781141864	0.89696208472686	1	0.00661076171256104
24h	vgn028	0.564227642276423	0.520711218702413	0.528918407932235	0.962324350201346	0.498258579050057	0.986657376129088	1	0
24h	vgn057	0.538899430740038	0.549685534591195	0.418859649122807	0.505016722408027	0.865570151501276	0.913515855051489	0.614761979884879	0.853969069461052
24h	vgn712	0.560224608169814	0.506594460653051	0.598484848484849	0.511007462686567	0.338620756007772	1	0.757699089974815	0.786329801226991
24h	vgn057	0.506975459454412	0.368102397399431	0.697293447293447	0.511184755592378	0.948473364806387	0.347958063499042	0.152767168332241	0.972693677639694
24h	vgn399	0.524979854955681	0.559212210418533	0.466074526665158	0.495397286821705	0.871045111348544	0.840003627045446	0.989985244005423	0.973959564732265
24h	vgn639	0.471866447728517	0.35090622537431	0.567533850927237	0.516701023056955	0.677738074541708	0.228573350694167	0.842414692861733	0.8039310308736
24h	vgn399	0.418931583880037	0.492703475251993	0.49005049005049	0.566315789473684	0.505377914917819	1	1	0.486661924996684
24h	vgn028	0.469302730172295	0.5140637250196	0.525569842197545	0.458090094589954	0.670247421153902	1	1	0.324626066102051
24h	vgn307	0.558705132505871	0.553796451914099	0.469525369389462	0.468280632411067	0.334112451754345	0.856561046930262	1	0.680577147958809
24h	vgn712	0.528818817428347	0.533447368061208	0.463825551936301	0.499554229295609	0.601002183036569	0.94818913907771	1	1
24h	vgn028	0.520037626299486	0.6473113964687	0.516201746970978	0.592592592592593	0.807811071709529	0.273266625181717	1	0.434362330274764
24h	vgn028	0.501169125426546	0.556096225143242	0.586244194491937	0.520554812834225	1	0.836556571860228	0.656720066742904	0.693796847557404
24h	vgn028	0.508591557362965	0.499091666861652	0.47716658017644	0.514983462281698	0.92812562452512	1	1	0.730780204441913
24h	vgn639	0.5	0.493573429686068	0.621266129607186	0.501184834123223	1	1	0.484833160705286	0.993884130655851
24h	vgn307	0.503478636963767	0.483406342954022	0.551277983069411	0.499200611297243	1	0.996988438814543	0.933542751138368	0.993522575318226
24h	vgn639	0.518092801354315	0.463761429410284	0.491666666666667	0.516574644752611	1	0.950025707709684	1	0.644422213074836
24h	vgn057	0.407142857142857	0.498094660194175	0.49121503944268	0.499819841460485	0.399754818007762	1	1	0.905874695912957
24h	vgn399	0.494055684251934	0.492110982607287	0.476041666666667	0.707386363636364	0.992323572110415	1	1	0.0212412887864336
24h	vgn712	0.51261459942685	0.456712419814503	0.362082777036048	0.351190476190476	0.932822968358515	0.89346245355473	0.417065108556788	0.186541207854325
24h	vgn307	0.495351104205531	0.467549433295717	0.398418059011731	0.516591206315362	0.997529138286102	0.953235863142883	0.741113163920443	0.734376374315262
24h	vgn028	0.514239176124422	0.488538161259927	0.475604480123059	0.390547263681592	0.897810854307373	1	1	0.131679899577628
24h	vgn057	0.539618587160892	0.544058400747736	0.417860962566845	0.546875	0.734535047905363	0.931789939018807	0.741431070186095	0.750203612057779
24h	vgn712	0.49960668633235	0.600925925925926	0.464935991413163	0.572555043522786	0.991608877278966	0.672726047068059	1	0.311733216194555
24h	vgn028	0.500785685320357	0.292401960784314	0.717253989361702	0.507060333761232	1	0.0884643913305191	0.0370699199042608	0.923823766598834
24h	vgn307	0.507894032646508	0.439567120622568	0.618217054263566	0.568910256410256	0.993396761198289	0.813287372869663	0.445444852466176	0.573350831843817
24h	vgn057	0.469458659442103	0.450080192461909	0.370738636363636	0.449045280960175	0.646777596940871	0.953785026125578	0.653967220039337	0.376063703392669
24h	vgn028	0.616927181026218	0.628637260010831	0.686489221844285	0.762428048142334	2.64841234500265e-05	0.272178302026087	0.0291840195178528	5.63139629922459e-05
24h	vgn712	0.512450653617947	0.53454333295283	0.537359483377182	0.615542521994135	0.852109723504404	0.943411028814241	0.998814586851552	0.0603986694743749
24h	vgn307	0.51697633184026	0.514615592214013	0.452927997419463	0.538068181818182	0.812365446753898	1	0.964282091069929	0.430834027176364
24h	vgn057	0.529811321683243	0.578788858200623	0.671292487551418	0.443170405088718	0.539796541455101	0.737303523927935	0.0632712509359533	0.660931313214746
24h	vgn399	0.561720498880716	0.557433713211312	0.501292503479817	0.623070504797664	0.382502712176277	0.828430464618661	1	0.0296987019460425
24h	vgn028	0.514508928571429	0.56301191362621	0.701948051948052	0.5475	0.939099067545135	0.812439642434544	0.0437106973438727	0.672984448827351
24h	vgn057	0.512784349408553	0.393178410794603	0.466689500695894	0.447704081632653	0.956136956285908	0.827615641363866	1	0.58501119099088
24h	vgn307	0.497497992729261	0.482307692307692	0.510584677419355	0.458041958041958	0.991752018353067	0.994168971938462	1	0.675463542497687
24h	vgn399	0.460494610019023	0.463374758171348	0.409466019417476	0.519075576665127	0.74524620735342	0.935565378271164	0.741113163920443	0.703094184951001
24h	vgn307	0.527121010216384	0.509349230004968	0.504991434958917	0.453838501077765	0.730193028125657	1	1	0.242550995791583
24h	vgn639	0.588624338624339	0.512990196078431	0.393397887323944	0.45	0.141775575426388	1	0.557908091527709	0.485857622440891
24h	vgn307	0.561792093704246	0.477638858580542	0.617383512544803	0.638235294117647	0.195647047559235	0.986657376129088	0.42908047636145	0.13134049845275
24h	vgn057	0.48481114374396	0.467945463295803	0.348307065916489	0.473332257297986	0.827941418109832	0.952611166528064	0.179428129704738	0.551067585371333
24h	vgn057	0.484509426389236	0.457272727272727	0.495182806324111	0.486844758064516	0.841597023336373	0.922122959663406	1	0.916809670639056
24h	vgn399	0.541034897713598	0.493827160493827	0.486432957021192	0.507394366197183	0.55647373744318	1	1	0.933969961173074
24h	vgn028	0.562269712601326	0.550298310103317	0.440716081736728	0.482984639830508	0.445903997611341	0.880537594411468	0.920601146724777	0.878262227976456
24h	vgn639	0.528064197973639	0.525009743226062	0.504893279372583	0.961672787033927	0.6951996318804	0.975053145201176	1	0
24h	vgn307	0.51909181771804	0.509024672375122	0.550855212986164	0.476190476190476	0.836297810380659	1	0.978132578929726	0.801355820588876
24h	vgn307	0.56947103550134	0.548824718566672	0.625916961459691	0.598560700876095	0.142424879088391	0.888823824451421	0.347917706707253	0.235799460690859
24h	vgn639	0.5721940214326	0.512743309002433	0.63490990990991	0.619978858350951	0.266366922096136	1	0.424036279522636	0.322522852764261
24h	vgn399	0.536408424016025	0.479628176922872	0.506332269644994	0.575226130653266	0.62211611352912	0.988860073920858	1	0.0358390856334581
24h	vgn057	0.479852796737657	0.467945463295803	0.483827493261456	0.572039013084834	0.876483998409909	0.952611166528064	1	0.0432191014832865
24h	vgn028	0.496063209262103	0.499091666861652	0.478562074458737	0.492186808322266	0.987709861413663	1	1	0.89798261444851
24h	vgn307	0.49694808538182	0.364660953800298	0.400700519166489	0.479745300181928	0.988230055618453	0.347668616533351	0.578378897640503	0.809321869935974
24h	vgn712	0.490531400966184	0.492515474063139	0.407962697274032	0.658377837116155	0.969806827565187	1	0.740474032958051	0.896342793398064
24h	vgn028	0.522956905869637	0.490278164374919	0.495237951928093	0.447794956528581	0.737770243265734	1	1	0.244364791202718
24h	vgn028	0.509587020648968	0.517928858290304	0.446602939664919	0.43972602739726	0.999573732990783	0.995764606932592	0.950585747600553	0.484077809182711
24h	vgn057	0.487742130750605	0.527037720917964	0.586001255492781	0.492063492063492	0.958821564111797	0.973379297499587	0.905917467305037	0.924779514748703
24h	vgn057	0.55168502562984	0.547268907563025	0.515004022526146	0.555741360089186	0.374682715058761	0.91150162708007	1	0.604556749751028
24h	vgn639	0.553656597774245	0.480795057749127	0.599745331069609	0.804545454545454	0.372258492148471	0.996909668242578	0.745200038225839	8.00131519030501e-06
24h	vgn307	0.45111557340473	0.545566775786495	0.347404905794525	0.49225173940544	0.739109149370224	0.907661667140058	0.367183812110231	0.92175644957218
24h	vgn057	0.431431790316058	0.515763213318624	0.507987071655443	0.5	0.0373675554197274	0.999598046278203	1	1
24h	vgn028	0.481682242990654	0.480656316160903	0.482885824866957	0.464095744680851	0.949761789621836	0.988715167738062	1	0.811650215459377
24h	vgn057	0.509095486512365	0.522493579801165	0.49166382640309	0.544513457556936	0.907599269061487	0.991920215271463	1	0.784121224647602
24h	vgn028	0.557635175282234	0.484271284271284	0.515896396703222	0.594483568075117	0.538592376005835	0.990883645046	1	0.120079123375228
24h	vgn307	0.438368956214982	0.529344073647871	0.431947191589671	0.413717559824739	0.319991454009354	0.969138253130005	0.849217302347562	0.21278739174442
24h	vgn399	0.515310889175258	0.592423355692612	0.456049040018506	0.453799249530957	0.843945436776029	0.611627150750061	0.963118068459619	0.556739812196462
24h	vgn307	0.471935339021105	0.453427424320796	0.519189189189189	0.501190476190476	0.743569612567982	0.898975722135818	1	0.967168309466456
24h	vgn307	0.518882814704868	0.524435366986146	0.517731167795935	0.472651222651223	0.857666042514022	0.978813924722136	1	0.900316818822173
24h	vgn712	0.494685990338164	0.386857142857143	0.693073593073593	0.489417989417989	0.877156051840767	0.390890000319815	0.090737182915623	0.831817461499199
24h	vgn639	0.495530259180655	0.475068765163105	0.531792631938223	0.460988562091503	0.959621934768553	0.974849670158906	1	0.538982804813543
24h	vgn307	0.55621807508704	0.480212234706617	0.559900682805711	0.481083702882483	0.0846534309980706	0.99823187800477	0.906669563805619	0.796767470998519
24h	vgn028	0.388955342902711	0.489819507424202	0.566098545338405	0.534287418008348	0.0614743210620198	1	0.915623519631336	0.76580463591781
24h	vgn307	0.522760368663594	0.504039046310664	0.49472049689441	0.558520563057745	0.676403258184371	1	1	0.0431186337022646
24h	vgn399	0.513338459718443	0.541290994411051	0.565168732782369	0.527110094272011	0.903038095069068	0.919130920125452	0.963016532003695	0.646930155974007
24h	vgn307	0.513141426783479	0.444531835205992	0.500666048882196	0.639784946236559	0.702930371109486	0.868226165274937	1	0.157239041843659
24h	vgn712	0.49953095684803	0.535484853003305	0.589805825242719	0.487195381813955	1	0.943674992918738	0.680929398953625	1
24h	vgn307	0.509702756815032	0.522760206423622	0.494604967031232	0.51393902105551	0.888462214865936	0.980452302237918	1	0.760472211322331
24h	vgn307	0.490355174525413	0.596624819921795	0.310142238713667	0.600412879836862	0.720736018926607	0.765030431461595	0.0998711347791436	0.00377621216333058
24h	vgn057	0.516358820160367	0.474741945573976	0.347222222222222	0.56969696969697	0.884785349548753	0.978676585993132	0.103084912176646	0.542586514055782
24h	vgn307	0.575894849094082	0.522639891705958	0.500430769230769	0.956896551724138	0.035232931573819	0.980452302237918	1	0
24h	vgn639	0.526841608781408	0.473946360153257	0.520272435897436	0.649540229885057	0.787789766242842	0.972581907748222	1	0.0114114365752387
24h	vgn639	0.496008939974457	0.510245089715288	0.667433390837646	0.500561167227834	1	1	0.0960031259355683	1
24h	vgn307	0.51640845914809	0.467979045691696	0.465207780725022	0.505813953488372	0.806668237236697	0.952679117380685	1	0.958669318534913
24h	vgn639	0.442154255319149	0.361616161616162	0.866666666666667	0.430831493745401	0.738326752377405	0.428453722067949	0.000374626595935976	0.190673234493702
24h	vgn712	0.52997723662447	0.500054423545803	0.527284231516515	0.542596261521234	0.536723761210661	1	1	0.194717350370456
24h	vgn399	0.510883544749824	0.507511871297664	0.440893225114597	0.559195402298851	0.956587673760817	1	0.979016035037044	0.541536609153321
24h	vgn057	0.525146318225126	0.488617237063571	0.466023221027139	0.491724738675958	0.85761719661906	1	1	0.821521581290235
24h	vgn028	0.439925198690977	0.538285168378314	0.569586054149005	0.6243961352657	0.803813330422099	0.925273112726031	0.830037496720121	0.0489477147863075
24h	vgn057	0.504019789734075	0.476190476190476	0.423658352229781	0.451851851851852	0.989048301729261	0.994706987974554	1	0.840979104787448
24h	vgn057	0.509303721488595	0.457475083056478	0.468763845813026	0.99144840417919	0.930093020723228	0.898871943468295	1	0
24h	vgn399	0.533625730994152	0.612707266920418	0.648934267021059	0.649386845039019	0.687609391976354	0.416243942292382	0.18198667235982	0.175468157361119
24h	vgn712	0.507233221219997	0.63604797979798	0.472142263161261	0.574446680080483	0.962979556998381	0.275249778959209	1	0.356945452735533
24h	vgn399	0.558282599687629	0.507418905273348	0.533043641365512	0.583313358900607	0.33999883314056	1	1	0.0222061656276535
68h	vgn028	0.395480225988701	0.552330508474576	0.483128834355828	0.488593339248613	0.365628753681384	0.877370556846986	1	0.777745495489549
68h	vgn307	0.493652461018075	0.51688800748067	0.61876449504533	0.566720376566072	0.952637004817766	0.995962990414032	0.383334568638091	0.00232866603546471
68h	vgn028	0.515027322404372	0.526776344218779	0.541666666666667	0.54532403609516	0.911210131001379	0.974403846008179	0.99804291041109	0.660973079218657
68h	vgn639	0.497413205600016	0.513375281394345	0.514757585719014	0.510563789157073	0.9908792661494	1	1	0.80382484090974
68h	vgn712	0.489728539985327	0.511631554409994	0.499023089827318	0.490654705679839	0.894318389573977	1	1	0.821512671466487
68h	vgn639	0.590499337163058	0.504258771929825	0.634036796536797	0.663608562691131	0.123644398343129	1	0.259642286781727	0.000763176587664259
68h	vgn057	0.542615012106538	0.541408070507348	0.525731313670492	0.605062724014337	0.763868969631952	0.921362012011507	1	0.0193831797632726
68h	vgn712	0.521776265715937	0.47598997318966	0.555560819987997	0.501368544851919	0.726580131755038	0.977704856580623	0.911170840073031	0.968872116966398
68h	vgn028	0.503333845575931	0.524606271144698	0.46078431372549	0.390598290598291	0.975948651164141	0.976743468570764	0.992592261256408	0.207292431233728
68h	vgn057	0.511189398836458	0.497875455015663	0.28970818134445	0.509702608384442	0.920069750410606	1	0.0198419128557313	0.829676145685199
68h	vgn399	0.607591265962817	0.58205619412516	0.745579653340301	0.952922077922078	0.00285792719802266	0.645906654719901	0.00191022314356651	0
68h	vgn399	0.532981620149762	0.565278957802322	0.498598484848485	0.573695522934102	0.747997425606003	0.763457347545617	1	0.0741309438899253
68h	vgn028	0.533873066996095	0.460343633154289	0.481071358170708	0.0829933707292198	0.567687489138355	0.927167306247431	1	0
68h	vgn307	0.485072267389341	0.49121021021021	0.483473540408398	0.463452578589407	0.930017991576546	1	1	0.375996802798769
68h	vgn307	0.560295815256835	0.497895226767337	0.523113612238072	0.54617397020947	0.0982839324637371	1	1	0.124313572481587
68h	vgn399	0.518320987654321	0.545742050540313	0.479683366813182	0.468587920361385	0.827116371088825	0.893513079223488	1	0.60954361581656
68h	vgn399	0.542922899884925	0.537194104560623	0.489304534513044	0.515982424161949	0.690606459834579	0.939637695152997	1	0.717900547218425
68h	vgn712	0.576759061833689	0.527348145821884	0.945945945945946	0.518159806295399	0.0204613063510983	0.965977055537536	3.37899683827339e-10	0.750979976717798
68h	vgn028	0.534313725490196	0.463928571428571	0.469324859095815	0.500984177454766	0.836553616739144	0.941598315348863	1	1
68h	vgn399	0.453073089700997	0.482290618835487	0.581030879962851	0.4705139367353	0.778745108605805	0.993856335872393	0.779133864290143	0.373951508264375
68h	vgn639	0.503131447096964	0.502667762786724	0.347352466630812	0.531311827956989	0.975321515248072	1	0.132256737811624	0.62373585274114
68h	vgn307	0.529085457271364	0.528910256410256	0.557692307692308	0.615151515151515	0.81020872251085	0.965818286995926	0.912055745372523	0.00252768779103203
68h	vgn639	0.519179502369668	0.476190476190476	0.451198579167742	0.408981612446959	0.822628308339848	0.98897608073984	0.954601037647489	0.0805062491662992
68h	vgn639	0.521374070961256	0.544564106109554	0.473201761888471	0.492904984423676	0.889015314605725	0.902032379480718	1	0.883715508155298
68h	vgn399	0.423994038748137	0.406726768377254	0.464709321750752	0.514821272885789	0.49373353685533	0.592654344868615	1	0.909854048930227
68h	vgn307	0.504314632231044	0.561776061776062	0.470706900062947	0.506944444444444	0.986839582529043	0.816684389591857	1	0.946450462430929
68h	vgn712	0.575971208723206	0.528808793627573	0.530496155285632	0.49167338168144	0.0166106806712119	0.966596452977983	1	0.912147216362846
68h	vgn057	0.502470864950247	0.469195716758019	0.542317476538231	0.503209852474534	0.991246723161576	0.95521139084408	0.978132578929726	0.950727879077978
68h	vgn057	0.526170798898072	0.555877883685592	0.775828460038986	0.565902217741935	0.759844324676202	0.839967688338015	0.0126122816619414	0.0946033697936431
68h	vgn639	0.571602299528302	0.470571981210279	0.539892478730623	0.568130081300813	0.142277222051196	0.96388487152016	0.997099305112643	0.218746821448331
68h	vgn057	0.56208081824279	0.445209409064831	0.634535332764933	0.434007352941176	0.320628244674862	0.849791503578226	0.304840643918003	0.22484780261068
68h	vgn712	0.548872180451128	0.602089552238806	0.536585365853659	0.472848101265823	0.780520987049283	0.552396389409073	1	0.77065195658829
68h	vgn639	0.525558312655087	0.613624338624339	0.322822230981474	0.553264354415622	0.696220623638108	0.406411745993375	0.227328666498274	0.32473692649181
68h	vgn028	0.498664582111915	0.517516947052207	0.569241634072142	0.475996010969833	0.987997835401367	0.994672804209137	0.82166673372338	0.576731616248301
68h	vgn028	0.522309514668564	0.496683965413104	0.589019358933672	0.565315315315315	0.783264820143024	1	0.701337003597096	0.213228671619232
68h	vgn399	0.617021276595745	0.516465286718827	0.47721907696001	0.522727272727273	0.256471310381346	0.996802330877744	1	0.731993751716978
68h	vgn307	0.545750697534123	0.511405881195909	0.380140692640693	0.455504917246342	0.264600203457385	1	0.726769788321487	0.185253086054786
68h	vgn399	0.456593406593407	0.534366377611352	0.472344322344322	0.557352992496946	0.544196569576772	0.945935510400625	1	0.0713810247428276
68h	vgn028	0.357337526205451	0.572802681189778	0.343607305936073	0.385128205128205	0.00749549094212193	0.756123453295222	0.285087549362831	0.273682837061823
68h	vgn307	0.491934445922176	0.548223628691983	0.443860551213492	0.550614947965941	0.928476921150648	0.890354350374661	0.911649111211328	0.187122804711242
68h	vgn712	0.517224190658386	0.493210429534632	0.488198983297022	0.575879917184265	0.839026642990817	1	1	0.145688297986612
68h	vgn399	0.511057334326136	0.511096587782058	0.545240132126138	0.484828042328042	0.950238652310947	1	0.937151972631023	0.834264302174336
68h	vgn057	0.475598726234667	0.406678803455415	0.564351599860037	0.506833428489866	0.683618082632806	0.560419355963003	0.855404872542243	0.929831342462095
68h	vgn639	0.441834804539723	0.494390686966609	0.481585407343435	0.493800714545234	0.322618000841364	1	1	0.924500616583275
68h	vgn307	0.444892618097385	0.565191013366196	0.477063442159085	0.523809523809524	0.217944136686673	0.792974118902935	1	0.845554690021609
68h	vgn399	0.57987012987013	0.596354607527792	0.512102198307905	0.600537056928034	0.111300324545857	0.525638026307072	1	0.0412672881203111
68h	vgn639	0.432328471923078	0.483247749960607	0.518437933425797	0.479514301290913	0.0448265013062702	0.994815939522524	1	0.603696243878623
68h	vgn399	0.548497365047714	0.447597142433172	0.473840643922611	0.518158313149174	0.599892713745473	0.885822026001769	1	0.712484227570008
68h	vgn307	0.538314106749861	0.524602680424598	0.516883646755918	0.45668449197861	0.454864969210583	0.976308544444624	1	0.687802131540251
68h	vgn057	0.489558870199937	0.609963968957871	0.526978526334604	0.59728089940384	0.963688656231724	0.439351416623382	1	0.00354942202857039
68h	vgn712	0.493692050463596	0.516149477363993	0.491682815571379	0.511079447981396	0.989730725132537	0.99742903852165	1	0.790783979238359
68h	vgn028	0.62008210742388	0.518881118881119	0.622258035634345	0.80343137254902	0.13124200309701	0.993192528782978	0.469922488742221	1.26520485591814e-08
68h	vgn639	0.499963379353279	0.526918888746546	0.572368421052632	0.501788218793829	0.981247179366947	0.96689040266917	0.875114691468221	1
68h	vgn028	0.464163547179553	0.456991271458926	0.472571985534804	0.328663793103448	0.719167954739189	0.911962445727904	1	0.00701976837649296
68h	vgn307	0.525889691470854	0.498171159172679	0.365690991713446	0.528184013559525	0.706188898831191	1	0.239309195698933	0.565666245805537
68h	vgn399	0.504385964912281	0.525741127348643	0.544896933132227	0.508826754385965	0.996972446547081	0.973587319754686	0.975817770807884	0.827526164900574
68h	vgn028	0.463704674530363	0.398679370963538	0.420345008994332	0.424859055673009	0.456843259828872	0.493807688154571	0.72409037539961	0.141510866876085
68h	vgn712	0.509818227299258	0.491902365169877	0.491915217928648	0.489445348206678	0.901212954755362	1	1	0.867024158096098
68h	vgn028	0.466857432628224	0.539594053744997	0.51158963547773	0.523843645874386	0.737374520225131	0.936439819494508	1	0.670575627670542
68h	vgn057	0.467738970588235	0.509614250324407	0.473851492973233	0.460084033613445	0.838127965648971	1	1	0.298724934874029
68h	vgn639	0.416261917611081	0.471386311592815	0.671969696969697	0.435215946843854	0.413950545211161	0.964406760833971	0.169338595257031	0.132455949041037
68h	vgn307	0.325709822613189	0.499354991419611	0.481260622821421	0.480630630630631	2.01516381209682e-10	1	1	0.644623773723061
68h	vgn712	0.460364032467761	0.497190957121459	0.433796296296296	0.540761777480788	0.647242991239521	1	0.936557789027546	0.612727356255724
68h	vgn028	0.497722914669223	0.511303625991275	0.528996101364522	0.513046748994969	0.935771485201191	1	1	0.730692237382923
68h	vgn028	0.488466257668712	0.481680167445906	0.50478841150913	0.479240485222394	0.926357687801352	0.992780957905947	1	0.669014930317698
68h	vgn712	0.552858660266393	0.527061478051925	0.39437134502924	0.561784731276257	0.186015271608748	0.974871015451757	0.668917936943322	0.12869025242992
68h	vgn399	0.513843669589876	0.557949393735962	0.497092757073528	0.55237999396196	0.867962488383754	0.822530894158398	1	0.108892794473097
68h	vgn028	0.527777777777778	0.53836783728662	0.566911581569116	0.570833333333333	0.92729331709796	0.932401050309789	0.860731483569818	0.517577709332958
68h	vgn712	0.46682518115942	0.527865129280224	0.48099941611522	0.642645952048167	0.826214016773645	0.975666569892143	1	3.26310750293383e-06
68h	vgn399	0.469912343046671	0.478822642108606	0.455926549796228	0.481518987341772	0.694790323551064	0.986395557588925	0.971669173314017	0.84598295388166
68h	vgn399	0.48192010552101	0.506753513136074	0.425722049471944	0.538682093831671	0.820633250682296	1	0.778428848674418	0.383816287524411
68h	vgn057	0.482851060132082	0.483332133666841	0.388584498467244	0.47220323536113	0.812862812293723	0.996624114466971	0.421405347689872	0.480056796159824
68h	vgn307	0.460458510153021	0.461286012100693	0.54165355593808	0.5125	0.387872932490794	0.928378715059371	0.980529343611295	0.962223701304408
68h	vgn712	0.475338944855225	0.475331974006227	0.535095719095719	0.524701779327809	0.688585526623151	0.974973176140184	1	0.464005327599935
68h	vgn399	0.480341576231987	0.537169186491647	0.536680472721202	0.572129167551497	0.909464568757878	0.930165753150638	0.99892847699661	0.0496195931556453
68h	vgn639	0.495626179987413	0.506255806817767	0.496619001472514	0.511675824175824	0.959193829074178	1	1	0.899029685816782
68h	vgn028	0.517297297297297	0.631552419354839	0.656476449275362	0.958754208754209	0.901980382623916	0.365324494743236	0.170044757288882	4.33481705460133e-15
68h	vgn639	0.542952426872388	0.484939215566814	0.684515915119363	0.593080220453154	0.6247533564025	1	0.0577381510919114	0.328800500618949
68h	vgn399	0.594202898550725	0.580622368197705	0.591093733029217	0.474089635854342	0.535615634334485	0.658538572415661	0.688143040352294	0.665769404269808
68h	vgn399	0.543242296918768	0.483810308538237	0.401609204759773	0.490078544853245	0.791810408397743	0.998962912952917	0.612895193059067	0.921167187014118
68h	vgn307	0.478197656302919	0.494392232867695	0.492869225512644	0.499488499234723	0.683615041383062	1	1	1
68h	vgn057	0.447895332320296	0.403463430060741	0.308328171631286	0.640756302521008	0.156781996405332	0.523392193449707	0.0271542733027502	0.00100697843064805
68h	vgn057	0.465392303848076	0.505094542960713	0.496996567505721	0.495310705146724	0.707616381345021	1	1	0.936106064596669
68h	vgn028	0.499943049064742	0.522380524384349	0.465862360909531	0.5166184205669	1	0.981369738903921	1	0.643920752887893
68h	vgn307	0.511112783463777	0.384185980780102	0.450094696969697	0.563079470198675	0.93552985212158	0.551939148398239	0.979967624645849	0.247922129399113
68h	vgn057	0.464395061728395	0.706531332744925	0.623608971066598	0.403505644682115	0.772189265608126	0.0474931732689418	0.540442080452547	0.0249937844672661
68h	vgn399	0.478168754605748	0.485848527989574	0.401515151515151	0.459011494252874	0.832724828851585	1	0.878828942768621	0.480553850293987
68h	vgn028	0.402269647696477	0.519069767441861	0.568725976010744	0.502668452722672	0.127719647821742	0.99230116411616	0.864862417106015	0.928562930228884
68h	vgn028	0.486067435359888	0.503637850273012	0.506094295461758	0.519842003141458	0.908897155916494	1	1	0.76501800545401
68h	vgn712	0.530918306499702	0.389048081593006	0.587082066869301	0.479910714285714	0.655640749443376	0.452900066023382	0.830512277755576	0.96188804047877
68h	vgn028	0.54121835443038	0.551441117816335	0.5279504254532	0.401639344262295	0.528586465111997	0.865720481174421	1	0.160202686176212
68h	vgn639	0.391656458418402	0.517425078864353	0.385373546225113	0.423687177835052	0.0297247126359174	0.995491295127572	0.541821339688863	0.181310824294078
68h	vgn057	0.417081916825781	0.498565960781162	0.497724233475769	0.476815398075241	0.00708737283003471	1	1	0.64187814077693
68h	vgn028	0.47761524822695	0.511253369272237	0.416294110105807	0.312763741253138	0.74900804508767	1	0.692736259837392	1.57337906569807e-08
68h	vgn028	0.484676882078614	0.434968826828459	0.448247040751785	0.470532046995893	0.875045564451758	0.780260534778899	0.946780895969779	0.444383986558903
68h	vgn639	0.447295243638245	0.484810453576733	0.538975874253686	0.477616279069767	0.461264842182483	1	0.997099305112643	0.796149157196854
68h	vgn712	0.503998705048814	0.49821764236392	0.447101576695387	0.517769584315032	0.968204769846533	1	0.936879678894079	0.624947004611952
68h	vgn307	0.508549330435616	0.536977587539385	0.472768995410505	0.468428184281843	0.932376193721433	0.943665632805685	1	0.907663008777786
68h	vgn639	0.477401477832512	0.492987439634	0.408733974358974	0.485722803485181	0.725981584453294	1	0.614630911825678	0.726759115847885
68h	vgn712	0.508621455130695	0.553881505374881	0.523339691927628	0.555042803638309	0.913556900114964	0.851332027597368	1	0.162806176626676
1012h	vgn639	0.526083345915748	0.515341614906832	0.469331503190384	0.548611111111111	0.832066923828937	1	1	0.711449534747927
1012h	vgn712	0.465846911478599	0.526510989010989	0.503239053733588	0.523702044372037	0.654973634210322	0.974106044592103	1	0.577688559948048
1012h	vgn639	0.495929221725599	0.542609142270159	0.479641886840618	0.503068827908393	0.968833750913481	0.91025845253346	1	0.949763463537559
1012h	vgn712	0.530453802970278	0.514637485641012	0.475931322984199	0.503879482697146	0.65686557576542	1	1	0.948399559933674
1012h	vgn057	0.519903273809524	0.525757712633814	0.582233626588465	0.532758620689655	0.919242069519187	0.991920215271463	0.703985910147839	0.828541779441788
1012h	vgn399	0.543637574950033	0.480499587604572	0.441229946524064	0.469328703703704	0.491912913436706	1	0.922307653916451	0.965820641112559
1012h	vgn307	0.463731904590181	0.525272275700358	0.478494623655914	0.54903090623363	0.583605214511805	0.975053145201176	1	0.560034065838089
1012h	vgn399	0.45659962127028	0.528600534941749	0.454903877484523	0.466139124033861	0.560202766349972	0.971815694937667	0.980529343611295	0.559476989701226
1012h	vgn399	0.476043762575453	0.5159375	0.104166666666667	0.471698633156966	0.866502520917301	1	1.22029191172128e-05	0.74810909683555
1012h	vgn712	0.45893449502418	0.481250090701961	0.431647300068353	0.50485162001255	0.580259597109341	0.995803666673563	0.855727204493365	0.941905819621976
1012h	vgn028	0.482623762376238	0.520596426084939	0.523338127873199	0.521179541729532	0.911816364038998	0.988715167738062	1	0.614447191190038
1012h	vgn712	0.469186046511628	0.414254486478863	0.549465124299376	0.465668641557342	0.633723828385081	0.645553867394654	0.951356679955744	0.584400826331626
1012h	vgn057	0.52780612244898	0.49606143560604	0.498251787771036	0.5247279223374	0.858373637219342	1	1	0.571834217178428
1012h	vgn712	0.470521541950113	0.486148410567015	0.489786526440835	0.539155969460525	0.83351892210311	1	1	0.173384242254992
1012h	vgn307	0.476138262322473	0.511847806463261	0.479267399267399	0.534272300469484	0.778137616242091	1	1	0.564734814517999
1012h	vgn399	0.497635247261865	0.554921713800218	0.757792207792208	0.516175424988689	0.991351734426037	0.876906655675877	0.0567955155619485	0.671961791286648
1012h	vgn307	0.466962752608638	0.463028677532494	0.550495596196838	0.524594816169515	0.606891596495436	0.947309954043689	0.951718966378584	0.734781537329787
1012h	vgn028	0.549197860962567	0.477158242140003	0.592948481040727	0.535210353185596	0.637682453397604	0.983847916995032	0.68320461007529	0.382966826493167
1012h	vgn399	0.551329608938548	0.547724750277469	0.553231702208955	0.556025354432614	0.34351383831341	0.92991065116539	0.92646719756697	0.223812726859874
1012h	vgn307	0.483219762858465	0.461070166582534	0.499956087824351	0.538349433710859	0.837757278716946	0.941597772642684	1	0.380136847976445
1012h	vgn639	0.480428909152313	0.545867847910965	0.483107185137966	0.65477378576181	0.824102188580733	0.89362893692579	1	1.68777956964035e-08
1012h	vgn028	0.530299357653618	0.489214694978092	0.49	0.506685883878866	0.713649675757979	1	1	0.897278538824203
1012h	vgn712	0.538192719869342	0.533180811140751	0.532403950787234	0.467557251908397	0.4689309501199	0.953603263132088	1	0.653028171365103
1012h	vgn399	0.49500466853408	0.548160802558883	0.561735585323238	0.510172971627675	0.979805313010138	0.91281042524079	0.898844282835203	0.867986502344002
1012h	vgn057	0.464560684100665	0.509463313456054	0.605208333333333	0.482990083905416	0.3984261275152	1	0.50260572271807	0.707116859170617
1012h	vgn712	0.465077605321508	0.641036842871705	0.474122924883004	0.505901639344262	0.859962276347766	0.313574414980783	1	0.957692992873906
1012h	vgn307	0.481074934827223	0.474411253358622	0.531178349108543	0.518737625764433	0.781662124691148	0.973739192418641	1	0.652658666240944
1012h	vgn307	0.486397885739991	0.503870811187388	0.527038843888071	0.513795853269537	0.870781190352556	1	1	0.879557687684873
1012h	vgn028	0.518662464985994	0.450366947706884	0.539980893240984	0.495388763615973	0.891209478696718	0.878398820614865	0.997912595523725	0.932993581405836
1012h	vgn307	0.552015785228713	0.548041186968421	0.483022055302285	0.731292996012908	0.16847610111585	0.883102855559754	1	0
1012h	vgn057	0.499451264443504	0.546981320107537	0.417557932263815	0.523338180142385	1	0.89454803236891	0.787371234180379	0.589946038491993
1012h	vgn399	0.477653399668325	0.544578302833224	0.623275862068966	0.49622270413141	0.799438252475495	0.914725246558619	0.359659761964858	1
1012h	vgn057	0.509871607497918	0.513870411431387	0.515208752134163	0.445382882882883	0.889929983554969	1	1	0.506302194215087
1012h	vgn028	0.536915529354761	0.477698129863336	0.358216237314598	0.502340477950234	0.485921949135501	0.985717342766678	0.314045128564219	0.948980124621097
1012h	vgn028	0.589204545454545	0.44222972972973	0.537740194788102	0.485446985446985	0.205805525721308	0.904897949612132	1	0.926790125485557
1012h	vgn307	0.54032175032175	0.499862258953168	0.302923387096774	0.536822609811585	0.462838512735642	1	0.027031974433482	0.569642000994456
1012h	vgn712	0.564473878394333	0.464385508503156	0.542367188699524	0.661490683229814	0.196778181579263	0.946035818244518	0.981545822394333	0.148873658724724
1012h	vgn712	0.490715583839342	0.435124048631017	0.349211290992113	0.531345198011865	0.910087820538966	0.780347907606304	0.317358721912427	0.719500223963645
1012h	vgn639	0.510158789697424	0.715862242332831	0.608316677770375	0.49163965026034	0.918055981206472	0.0191161132567016	0.609242509902119	0.882060371914174
1012h	vgn028	0.49264858771901	0.521293866455052	0.54753196666149	0.524452005569779	0.931613042384338	0.985192142868451	0.962182877789967	0.507072961422296
1012h	vgn307	0.493723992086773	0.526309174696271	0.622412008281573	0.506376811594203	0.950790870883051	0.977365396878066	0.482576215591954	0.966424693531132
1012h	vgn712	0.519766631835597	0.488356890838475	0.501520539953257	0.465415430307563	0.92843341939081	1	1	0.231643887169702
1012h	vgn712	0.481509338493465	0.593571428571429	0.4702031110465	0.522186581128041	0.835841292219323	0.61894909921837	1	0.760199389805355
1012h	vgn307	0.491592920353982	0.437430893409996	0.514285714285714	0.480857761164667	0.929603657543654	0.814430799751365	1	0.768840103174611
1012h	vgn712	0.43472972972973	0.522276510762851	0.491258426966292	0.480088495575221	0.42792548275664	0.979562553512781	1	0.691448417461823
1012h	vgn399	0.498073934903726	0.549824772176893	0.50316234363135	0.520610137936871	1	0.882996917718581	1	0.645010333543322
1012h	vgn639	0.494431312848043	0.634042553191489	0.375350140056022	0.502821383179968	0.978181005879018	0.538618712106253	0.585580718916176	0.96116082013057
1012h	vgn399	0.453517570701319	0.439676616915423	0.452357494722027	0.488731796658626	0.499206381481021	0.920912404846191	0.98508662993632	0.944350800280531
1012h	vgn639	0.526277425468329	0.601357257878997	0.554091365461847	0.476981223111254	0.733209378368917	0.55079525401243	0.937054497408932	0.636078692881512
1012h	vgn639	0.506721382089613	0.501111111111111	0.588803956834532	0.562410240628389	0.933052270601602	1	0.680104453064129	0.0143792297144061
1012h	vgn057	0.478940512375163	0.616477942911064	0.518734215386935	0.525862068965517	0.886909371418044	0.571359989158375	1	0.860742761358009
1012h	vgn057	0.499239273878999	0.465975842434986	0.481362362693331	0.487704918032787	1	0.950156216603764	1	0.889246818375658
1012h	vgn028	0.459003727549983	0.377350427350427	0.501555941525546	0.457103502558048	0.474857618928405	0.368201501866371	1	0.509504421817746
1012h	vgn712	0.495804554658678	0.497628955935161	0.443035084677186	0.496253455550706	0.973534982547801	1	0.884873910940448	0.9493519171189
1012h	vgn712	0.493478260869565	0.545202358616993	0.442888266417678	0.532058189655172	0.972639003221988	0.908496662030169	0.947037000084282	0.743922836287979
1012h	vgn399	0.484084170519891	0.483958880510605	0.588555455284157	0.581103117505995	0.819433101529297	1	0.656301793405578	0.0040132039580825
1012h	vgn712	0.550990749633524	0.50451101475934	0.523020756705171	0.607456140350877	0.42006959250069	1	1	0.0182632110896052
1012h	vgn399	0.532941134776908	0.413663366336634	0.609040444091991	0.392498241382776	0.774249901612334	0.476274930214717	0.750324036855024	0.0121892571821836
1012h	vgn028	0.492123983739837	0.525016273284172	0.55481150226537	0.58710407239819	0.993825164427437	0.977229279344183	0.92208147611802	0.372795733740079
1012h	vgn712	0.502164502164502	0.447590011614402	0.439602198269247	0.445824706694272	0.992323572110415	0.885752111407262	0.888419805580507	0.263095377296979
1012h	vgn712	0.508800765885786	0.556893777654012	0.412008003709036	0.732191054559476	0.929247428918238	0.830857245071989	0.756073343987577	2.50711663933472e-13
1012h	vgn712	0.516074335322843	0.495323093953231	0.534102118464935	0.519784837903001	0.823161846235154	1	1	0.61537313438429
1012h	vgn028	0.514847641845119	0.525526920218875	0.415601023017903	0.489082240371352	0.852369940638612	0.975434964015051	0.749166667385239	0.842747412862672
1012h	vgn028	0.448455982160171	0.523991602938971	0.566140350877193	0.5727541281624	0.449096554803835	0.980452302237918	0.839432370134533	0.0953438911963009
1012h	vgn399	0.55008547008547	0.44045252766183	0.593849956382669	0.502775733038891	0.52180806816285	0.917838782233362	0.617119624349979	0.988160046056855
1012h	vgn028	0.52728021978022	0.409747990105133	0.478124639258563	0.422789507999398	0.809092669836584	0.668560758971632	1	0.108868565861901
1012h	vgn712	0.511250705815923	0.566883327916802	0.563938104003681	0.524298889516281	0.9429925613743	0.789431428003054	0.912336993179909	0.572136208615426
1012h	vgn028	0.469102967082311	0.525400161960061	0.441618984253715	0.513182960861644	0.723897367875078	0.974643562959998	0.895493283894832	0.795086409440141
1012h	vgn028	0.529433760683761	0.523045839391089	0.495252874079432	0.507194413007548	0.830473152636695	0.980340906521299	1	0.886289889153257
1012h	vgn028	0.507154905558954	0.49581720701262	0.513744988167784	0.524652255391031	0.957638581838597	1	1	0.591608477432299
1012h	vgn639	0.470960766141489	0.50032742813814	0.578754266211604	0.407571795577576	0.895419249070996	1	0.762070532113609	0.000650470278385844
1012h	vgn712	0.50468085106383	0.546215771536021	0.528468736195334	0.483820886845304	0.969755659346704	0.907267098123833	1	0.760985032683454
1012h	vgn307	0.448823529411765	0.48127389082163	0.570702179176755	0.596029776674938	0.94411371343702	0.996864108480282	0.862325071005751	0.0369747516072516
1012h	vgn399	0.491677900354893	0.712797619047619	0.447619047619048	0.570861281859227	0.983576796740339	0.0475064183231839	0.895369485104779	0.0059763599757652
1012h	vgn399	0.527995852359043	0.63382815318798	0.627407407407407	0.500983564947014	0.632613585110615	0.309523271642167	0.619844683587298	0.952338007647798
1012h	vgn712	0.445040454888214	0.550955573128522	0.432326656394453	0.538853352286188	0.305566721392391	0.867924418465835	0.840433337257048	0.266044229684567
1012h	vgn057	0.526100628930818	0.156862745098039	0.65246806039489	0.553503787878788	0.844133404604861	8.24594303390686e-05	0.168707686926091	0.668944092362582
1012h	vgn057	0.511185947336357	0.51477140482128	0.684495938843765	0.467837698300948	0.913733513541336	1	0.0279255006107944	0.553326260097136
1012h	vgn057	0.55879746835443	0.49033900719322	0.551707075705096	0.486268939393939	0.600632867303256	1	0.962178514698186	0.854595160671776
1012h	vgn307	0.526407657657658	0.439224939224939	0.450813743218807	0.465367965367965	0.652151077596462	0.846266876234254	0.961155204336427	0.599931755414182
1012h	vgn057	0.522988505747126	0.417191011235955	0.528799402417493	0.56777387416161	0.891664371887111	0.819001060356846	1	0.130749398908786
1012h	vgn399	0.467296918767507	0.462456140350877	0.553652597402597	0.510910560344828	0.832283820286561	0.952611166528064	0.940064393247895	0.961750051284032
1012h	vgn028	0.472829561437156	0.598153143805769	0.361512791991101	0.473566641846612	0.84148382795956	0.664490148233322	0.715708152335152	0.746105971459571
1012h	vgn639	0.488568549949624	0.38181146481128	0.513527851458886	0.552137643378519	1	0.389221533621225	1	0.306528682114857
1012h	vgn399	0.52766926555687	0.581501831501831	0.642361111111111	0.508029982478716	0.772799425386341	0.790869776250419	0.335912217811578	0.87068606859583
1012h	vgn712	0.578754578754579	0.450333806192045	0.490196078431373	0.54830053667263	0.649962708672294	0.883134470429776	1	0.300087799823472
1012h	vgn399	0.508445532435741	0.48951388047036	0.556473587282152	0.534870766488414	0.964431209714961	1	0.91661474478924	0.686738259262969
1012h	vgn399	0.49356445757571	0.492072422258592	0.471939736346516	0.5115296635183	0.949449869699174	1	1	0.823689681588803
1012h	vgn028	0.507033699059561	0.46484555984556	0.513949490803594	0.518312985571587	0.941721715171204	0.942805781788236	1	0.766134432904481
1012h	vgn057	0.510938757591278	0.456177500765778	0.51425475378707	0.473991539416437	0.964261593141082	0.925278061296241	1	0.575083824231446
1012h	vgn028	0.503464139230684	0.484416450260853	0.515599838969404	0.473889438235788	0.995517334760442	1	1	0.643252944980438
1012h	vgn028	0.510013422409322	0.532382638342513	0.427712280223525	0.492896787277191	0.89986755742494	0.954927114624267	0.864908308333415	0.915973160163049
1012h	vgn028	0.477240143369176	0.50798495021363	0.481599964700172	0.510622529644269	0.951472027133253	1	1	0.843122019020122
1012h	vgn028	0.459395489458406	0.50595047635808	0.478250364371463	0.46569198187709	0.34909858477778	1	1	0.282711301878982
1012h	vgn057	0.576293340671436	0.502044854881266	0.506370091896408	0.443554373376222	0.287425330838611	1	1	0.319418975799315
1012h	vgn712	0.460831106020109	0.508541992696922	0.454113311837863	0.445624195624196	0.564639198131955	1	0.966706264763423	0.642055527105811
1012h	vgn028	0.494282001299545	0.567387267600468	0.447068004459309	0.510071332787007	0.977990595510366	0.788821539312735	0.935172733824389	0.846570493421049
1012h	vgn639	0.480620643078719	0.477733782813373	0.537066558698157	0.498104371097235	0.809449149010204	0.981552484926595	0.995798895248648	0.970209771584932
1012h	vgn307	0.498717948717949	0.387876288659794	0.444323403932094	0.567986734295747	0.956054294846873	0.472092972195548	0.911528229610425	0.110038804762728
1012h	vgn028	0.503864869923264	0.516202122330009	0.497398865589973	0.588942307692308	0.966134173910319	1	1	0.363270075387429
